0.865866 9.94526
0.367367 3.4048
-0.677678 -1.18878
0.361361 0.176249
-0.0510511 1.25775
0.81982 11.8706
-0.163163 0.95608
0.653654 7.0596
-0.52953 1.24885
-0.0950951 0.299674
0.635636 6.72875
-0.401401 -0.917195
0.643644 9.57913
0.0530531 0.599141
0.0970971 0.133911
0.111111 0.331588
0.293293 -0.156488
-0.807808 -2.83502
-0.667668 -2.38061
0.231231 3.09857
-0.54955 0.940913
-0.643644 0.719989
0.399399 3.711
0.901902 15.7161
-0.681682 -1.1148
-0.763764 -0.364228
0.741742 9.06394
-0.331331 0.237452
-0.445445 0.335774
-0.57958 -0.214281
-0.379379 1.78016
-0.387387 4.58364
0.0570571 1.93005
0.349349 4.20998
-0.513514 2.34818
-0.131131 -1.1087
0.213213 2.4941
-0.711712 -1.5569
-0.049049 2.18478
0.435435 4.01574
-0.611612 0.1091
-0.185185 1.04456
-0.421421 1.48615
-0.035035 -1.56449
0.0550551 3.32597
-0.491491 2.77142
-0.7998 -2.37389
0.041041 2.47964
0.767768 8.83818
0.155155 3.25965
-0.123123 -2.28501
-0.51952 2.82566
0.597598 4.72084
0.145145 -1.79598
0.0930931 0.599013
-0.96997 -4.84656
0.951952 16.4516
-0.651652 -1.17894
-0.151151 1.71984
0.011011 1.55657
0.753754 11.0089
0.54955 1.01818
0.765766 11.7929
-0.8999 -3.56743
-0.685686 0.294615
0.777778 10.4915
-0.001001 0.914855
-0.0710711 -0.937109
0.0650651 -1.08926
0.233233 2.89354
0.897898 16.1526
0.359359 5.00843
0.00700701 3.50594
-0.167167 -0.264863
-0.941942 -3.29873
0.189189 3.95179
0.369369 2.81895
0.217217 0.132972
0.755756 7.45816
0.477477 2.78297
0.505506 3.78861
-0.935936 -0.0364584
-0.635636 -2.54338
-0.835836 -1.90713
0.60961 5.20879
0.75976 9.54423
0.855856 13.5911
-0.535536 0.466168
0.975976 16.9281
0.143143 0.0916204
-0.995996 -3.24891
0.017017 1.6089
-0.62963 -0.192319
-0.527528 3.25603
0.86987 15.3219
0.527528 1.5334
0.395395 2.67854
-0.523524 0.945149
-0.945946 -4.88817
0.379379 0.530626
0.037037 3.92667
0.029029 1.57614
-0.329329 1.55844
0.997998 18.5154
-0.813814 -0.49561
0.0990991 1.2148
-0.311311 1.60386
0.103103 3.58212
0.793794 10.7555
-0.88989 -0.415222
-0.751752 -3.67616
0.263263 4.58251
-0.209209 1.7107
-0.0530531 0.786699
-0.147147 1.48249
-0.369369 0.206851
0.135135 4.88954
-0.895896 -1.64222
0.645646 5.91591
0.723724 9.74281
-0.0790791 2.83782
-0.249249 0.636518
-0.71972 -2.45859
0.223223 1.85361
0.0610611 -0.341433
0.335335 4.30651
-0.183183 -0.707885
-0.77978 -4.2373
-0.0570571 3.15048
0.673674 7.4473
0.235235 1.49521
-0.67968 -1.86212
-0.197197 -3.38732
0.62963 5.49999
-0.031031 -2.08225
0.551552 5.09088
0.821822 9.40936
0.887888 12.3456
0.923924 13.0025
0.287287 1.54778
-0.347347 2.08554
-0.0670671 0.383071
-0.213213 1.00737
0.663664 8.51544
-0.105105 1.37022
-0.241241 -0.673592
-0.251251 0.903004
0.405405 1.80898
0.00500501 -0.351757
-0.965966 -5.15987
0.711712 9.70315
-0.107107 0.0544683
0.419419 0.177247
0.881882 13.1161
0.621622 5.92904
0.731732 6.0402
0.957958 16.2696
-0.803804 -3.25915
0.651652 3.58441
-0.675676 -1.65659
-0.907908 -4.88484
-0.831832 -2.41812
0.72973 8.47292
0.715716 9.17822
-0.983984 -0.416059
-0.60961 1.11694
0.66967 8.67131
-0.429429 0.331994
0.469469 1.29366
-0.115115 1.71144
-0.0850851 2.48604
0.299299 -0.861779
-0.211211 0.909113
-0.555556 0.016722
-0.361361 1.01773
-0.55956 -0.199315
-0.697698 -1.32225
-0.921922 -4.79998
-0.761762 -0.724426
-0.521522 0.337655
-0.747748 -1.92807
-0.315315 0.747216
0.523524 3.53909
-0.471471 2.64708
-0.881882 -3.2779
-0.815816 -3.96252
-0.947948 -2.13229
0.781782 9.83062
-0.189189 -0.522922
0.117117 3.04488
0.911912 13.2771
-0.319319 1.60229
-0.72973 -2.66294
0.255255 2.32603
0.615616 5.14318
-0.419419 0.365682
-0.703704 -2.44703
0.953954 15.4069
0.683684 9.05317
-0.0750751 -1.64851
0.137137 3.82253
-0.177177 1.46306
-0.785786 -2.78047
-0.633634 -1.9524
0.52953 3.662
-0.309309 0.0181425
0.043043 0.384867
-0.767768 0.337181
-0.615616 2.20187
-0.687688 -3.41162
0.803804 9.62264
0.303303 1.86381
0.501502 2.98034
0.817818 12.8892
-0.94995 -3.86939
0.309309 3.14961
0.0730731 2.01951
0.141141 5.75967
-0.015015 2.636
-0.543544 0.990853
0.315315 3.33036
0.459459 2.74226
0.229229 2.45072
0.665666 7.24973
-0.873874 -4.76039
0.397397 3.28327
0.671672 8.07175
-0.327327 -1.54174
0.77978 9.83119
-0.905906 -2.8385
0.151151 1.12775
0.199199 2.92561
-0.409409 -0.271626
-0.011011 -1.10017
0.925926 15.5366
-0.525526 0.781775
-0.271271 -0.666127
0.283283 3.20552
-0.621622 -2.04747
0.625626 7.56109
-0.483483 1.14426
-0.825826 -2.35829
0.339339 -0.108776
-0.295295 -0.643783
0.721722 7.53339
-0.601602 0.0279427
-0.937938 -0.957752
-0.195195 -3.48022
0.677678 9.92589
0.285285 2.33221
-0.0910911 0.351196
0.165165 0.893414
0.047047 0.766133
0.0630631 1.86558
0.507508 4.25614
0.341341 3.0872
-0.433433 2.42709
-0.95996 -4.05042
-0.355355 0.619515
0.933934 16.4056
-0.577578 0.318803
-0.973974 -5.03376
0.319319 0.6528
-0.161161 -0.260053
0.019019 3.49921
0.571572 3.57174
-0.845846 -4.45305
0.837838 14.844
-0.275275 0.119164
0.761762 10.2547
-0.975976 -5.93294
-0.383383 4.86135
-0.121121 -2.83513
-0.877878 -3.57442
-0.603604 -1.19332
0.195195 3.68837
0.775776 8.89465
0.807808 12.1893
0.935936 13.4375
0.365365 2.97051
0.427427 2.9702
0.181181 1.95588
0.491491 3.41586
0.297297 1.70124
-0.479479 -0.40094
-0.583584 0.889476
-0.0590591 -0.323091
0.401401 2.22181
-0.755756 -1.62416
0.413413 3.32758
0.487487 1.68672
-0.041041 2.6828
0.515516 3.74499
-0.0930931 -0.397242
0.995996 15.4403
-0.377377 2.46387
-0.475475 0.976409
-0.933934 -4.32816
0.0710711 3.42154
-0.553554 0.151098
-0.229229 1.25639
-0.0830831 2.39031
-0.943944 -4.48499
0.991992 14.4717
-0.413413 0.394914
0.955956 14.5761
0.325325 -0.129703
0.0910911 3.15437
0.215215 1.75447
0.613614 5.32756
0.50951 2.27257
0.95996 14.9903
0.943944 15.5762
-0.021021 -0.608051
0.965966 14.3902
0.905906 15.7289
-0.63964 -1.70565
-0.627628 3.30629
-0.365365 -0.797185
-0.871872 -4.47415
-0.00500501 -0.312092
0.64965 5.95709
0.259259 1.3077
0.67968 8.08295
-0.981982 -2.482
0.697698 9.00261
0.133133 2.39424
0.88989 15.004
0.225225 1.40034
-0.931932 -4.90018
-0.277277 -0.0507736
-0.791792 -2.44595
-0.139139 1.65951
0.0950951 1.79057
-0.623624 0.667308
-0.971972 -4.12987
0.611612 6.58721
0.277277 3.57086
0.787788 9.11929
-0.85986 -5.83132
0.931932 15.2502
0.937938 15.5909
0.773774 9.90123
0.851852 14.2873
-0.65966 -2.21587
-0.951952 -3.41576
0.877878 13.9398
-0.367367 -0.493778
0.203203 0.739776
-0.343343 -0.0858018
-0.305305 0.105962
-0.745746 -2.9748
-0.92993 -5.62052
0.167167 3.75137
0.201201 3.90683
0.387387 0.236711
0.921922 14.6334
-0.841842 -3.07087
0.885886 14.0452
0.825826 10.907
-0.801802 -3.81826
0.695696 6.53197
-0.73974 -4.2156
-0.301301 -0.572201
0.627628 5.05004
0.74975 8.77699
-0.963964 -4.65151
-0.255255 -0.596246
0.84985 10.3789
0.125125 3.20417
-0.645646 1.68099
0.68969 8.31827
0.433433 2.10468
0.675676 3.53274
0.805806 11.9373
0.221221 2.07263
-0.127127 -0.0778389
0.245245 1.75054
0.313313 3.55193
-0.465465 2.23331
0.045045 2.4938
0.023023 1.18819
-0.405405 2.95486
0.763764 14.2764
-0.341341 1.20594
-0.701702 -1.61655
0.835836 10.6485
0.105105 1.8636
-0.155155 -1.99456
0.273273 3.27472
-0.967968 -6.09588
0.797798 9.65176
-0.617618 1.43311
-0.205205 1.15955
-0.335335 0.852722
-0.109109 1.42552
0.305305 5.16035
0.121121 4.02209
-0.683684 0.0401544
-0.93994 -1.68739
0.915916 15.1436
-0.321321 -2.04091
0.301301 1.91762
0.6997 7.71481
0.107107 3.26397
-0.253253 -0.715223
0.421421 2.82696
0.179179 0.94677
-0.78979 -7.96509
-0.113113 1.80562
0.971972 14.0122
-0.545546 2.10385
0.307307 2.54856
-0.393393 0.0902906
0.409409 0.576639
0.193193 1.97705
-0.561562 1.52122
-0.463463 2.06631
-0.451451 1.73546
0.61962 4.92456
-0.00700701 -0.569558
-0.765766 -3.73053
-0.119119 -0.867893
0.903904 18.59
0.027027 0.82408
0.485485 3.06562
-0.235235 -2.24338
-0.961962 -1.81606
0.581582 2.34636
-0.501502 2.50879
-0.257257 -1.4568
0.391391 2.81852
0.53954 2.98136
-0.511512 4.84307
0.585586 4.80311
-0.84985 -3.72757
-0.913914 -3.57495
-1 -4.74214
-0.447447 1.75388
0.58959 4.80996
-0.0990991 -0.74946
0.343343 2.21103
-0.153153 -2.30721
0.261261 1.47679
-0.227227 -1.6378
-0.0970971 -0.495449
0.453453 3.85794
-0.955956 -4.75473
0.603604 2.324
-0.80981 -1.31153
-0.655656 0.904716
-0.243243 -0.590166
0.163163 3.04335
-0.727728 -3.65047
0.363363 2.9885
0.783784 12.2949
-0.0730731 2.46811
0.917918 17.0233
-0.735736 -3.88721
-0.457457 0.222129
-0.487487 2.07523
-0.029029 -0.349958
-0.363363 1.24371
-0.359359 2.23661
-0.443443 4.05809
-0.435435 5.4932
0.895896 15.2499
-0.741742 -2.1455
0.51952 2.07069
-0.0630631 2.14328
-0.957958 -2.37644
0.993994 14.904
0.90991 11.5895
0.945946 15.1916
0.275275 0.425896
-0.713714 -1.97253
0.535536 1.99766
-0.551552 2.25717
0.115115 0.692046
-0.665666 0.179839
0.147147 0.248234
0.617618 6.95488
-0.75976 -4.54787
-0.821822 -2.25519
0.113113 1.708
-0.691692 0.185053
0.907908 13.5043
-0.0810811 -0.882869
0.811812 13.1536
-0.339339 2.25334
-0.191191 -0.745197
0.499499 0.484979
0.439439 0.552767
0.703704 9.60683
-0.923924 -2.69202
0.701702 5.61167
-0.0550551 -1.0551
0.265265 1.89876
-0.493493 5.00985
0.0890891 0.90982
0.545546 3.70784
-0.239239 -0.360765
-0.901902 -3.00726
-0.111111 0.61338
-0.203203 1.50497
-0.425425 1.42876
-0.193193 1.30384
0.637638 5.18
-0.201201 1.53121
-0.795796 -0.817614
-0.221221 0.901409
0.253253 0.20486
0.0850851 3.01606
0.173173 0.512143
0.667668 6.67887
-0.199199 0.544375
-0.303303 -0.588059
0.269269 2.15594
0.015015 1.62643
-0.537538 1.87309
-0.853854 -1.43516
-0.637638 -0.898358
0.295295 -0.600648
-0.467467 2.42787
0.97998 13.1924
0.279279 4.26829
0.403403 1.77811
0.80981 11.9019
0.537538 4.24694
0.8999 10.6065
0.531532 2.36329
-0.753754 -4.40074
0.311311 -0.339562
-0.337337 0.568508
-0.86987 -1.64848
-0.299299 -1.11177
-0.533534 1.87744
-0.857858 -1.51987
0.983984 15.0303
0.743744 10.5621
-0.517518 3.02943
0.623624 4.09876
-0.417417 1.37118
0.479479 2.64379
0.473473 1.76929
-0.381381 -0.390655
-0.225225 -1.80483
0.429429 5.3687
-0.775776 -1.80969
0.467467 0.975192
0.471471 1.96263
0.0770771 -1.16189
0.0670671 1.07161
0.883884 15.2947
0.355355 0.665472
-0.179179 -0.253552
-0.143143 2.46015
-0.217217 0.914765
-0.843844 -2.93476
-0.101101 0.918481
-0.019019 0.674031
-0.771772 -1.91528
-0.265265 -0.35976
-0.353353 1.85236
-0.259259 -0.557411
-0.0770771 -0.048566
0.447447 1.76422
-0.431431 1.57886
0.83984 12.1652
0.82983 9.53909
0.373373 -0.849433
-0.541542 -0.626264
-0.291291 1.15184
0.415415 1.084
-0.883884 -4.57058
-0.333333 2.43892
0.641642 6.00319
-0.481481 3.29401
0.693694 9.57528
-0.563564 2.86325
-0.397397 1.29559
-0.149149 -0.29088
-0.893894 -4.4718
-0.613614 -0.741412
0.219219 2.42472
0.841842 11.8141
-0.97998 -6.57233
-0.695696 1.28257
-0.0690691 1.59779
0.853854 10.2374
-0.6997 -4.32932
-0.891892 -3.39136
0.495495 5.14514
-0.565566 1.57713
0.463463 2.967
0.385385 2.9425
0.375375 1.71141
-0.505506 0.0018507
0.771772 12.2781
0.411411 2.99564
0.601602 6.69653
0.785786 11.5293
-0.473473 0.191524
-0.285285 -0.145369
-0.515516 0.513118
-0.289289 -0.605903
0.815816 11.8087
0.727728 6.57825
0.577578 3.34507
-0.847848 -3.41906
-0.773774 -1.13755
0.347347 4.1117
-0.855856 -3.74377
-0.231231 0.864601
0.747748 11.0618
-0.875876 -0.898215
0.153153 0.379073
0.685686 9.47053
-0.723724 -3.34544
-0.597598 -0.974759
-0.287287 -0.528607
0.267267 4.54519
0.913914 12.1016
0.633634 6.43891
-0.737738 -2.88152
0.55956 4.67629
0.243243 1.81882
0.317317 2.38464
0.481481 1.93246
0.0810811 4.52067
-0.927928 -1.82514
0.237237 2.36934
-0.50951 1.37139
0.161161 3.96565
-0.915916 -3.89329
-0.657658 1.32557
0.227227 0.75625
0.647648 5.40609
0.833834 12.8829
-0.823824 -2.78863
0.827828 11.3394
-0.207207 0.275825
-0.861862 -3.53601
-0.715716 0.77365
-0.395395 3.58469
0.035035 3.40588
0.465465 4.92059
-0.385385 0.222086
0.333333 2.68502
-0.827828 -0.810946
-0.003003 1.4614
0.587588 5.89393
-0.68969 -1.65485
-0.439439 1.09946
-0.557558 3.55181
-0.805806 -3.1833
-0.591592 0.915776
0.981982 15.148
-0.717718 -1.02585
0.845846 9.91628
-0.851852 -6.58703
-0.707708 -2.61615
-0.91992 -2.29533
-0.267267 0.932164
0.357357 1.6011
-0.165165 1.11203
0.521522 4.88915
-0.997998 -5.3632
-0.391391 0.705667
-0.399399 0.886066
-0.325325 0.407464
0.249249 5.08539
-0.837838 -1.90192
0.257257 2.00667
-0.977978 -3.02151
0.967968 13.5036
-0.953954 -3.90969
-0.485485 -0.239495
0.73974 10.6393
0.129129 1.2528
0.63964 4.97545
0.461461 -0.654068
-0.673674 -1.74154
-0.74975 -5.76625
0.927928 14.4645
-0.66967 -4.55287
-0.731732 0.360571
0.745746 10.7079
-0.547548 -0.760247
0.541542 3.41952
0.707708 11.2439
0.183183 1.21042
0.725726 7.67619
-0.129129 -1.21253
0.0830831 0.471328
0.171171 2.22817
0.7998 11.7835
-0.103103 -0.423431
-0.499499 0.684584
-0.833834 -4.48452
0.92993 13.7355
0.713714 10.1656
-0.00900901 -0.366363
0.187187 1.3778
-0.503504 1.55715
-0.725726 -2.0478
0.345345 3.54569
-0.925926 -4.90716
-0.349349 2.70687
-0.647648 -1.08176
-0.631632 0.390371
-0.531532 1.87041
0.327327 0.978162
0.963964 18.1711
0.973974 14.2736
-0.047047 1.8984
0.289289 2.95532
-0.987988 -2.2179
-0.917918 -5.05923
-0.793794 -1.52134
0.0870871 2.37736
0.867868 16.283
-0.82983 -2.97877
0.207207 2.71322
0.441441 3.08791
0.555556 4.00956
-0.263263 -1.74472
0.873874 13.1363
0.605606 3.1889
0.445445 3.6668
0.681682 7.20341
0.687688 7.12748
0.197197 0.81768
-0.461461 1.36119
-0.587588 0.583569
-0.477477 1.21153
0.795796 10.2002
-0.025025 0.168664
0.985986 15.0797
-0.787788 -3.60793
-0.039039 -0.686208
-0.117117 -0.490134
0.583584 4.02875
-0.279279 0.234819
0.00900901 1.25443
0.655656 7.08725
-0.357357 -3.90543
-0.273273 1.45947
-0.743744 -3.12523
0.049049 3.62983
0.475475 2.51897
0.871872 9.35195
0.211211 -0.422398
-0.53954 0.11149
0.483483 2.14903
0.591592 7.30213
0.239239 1.35646
-0.313313 -0.406451
-0.70971 -0.68128
-0.027027 0.0284337
0.813814 11.3729
0.575576 5.09531
-0.181181 -3.5354
0.563564 5.6824
0.861862 11.1092
0.561562 5.0229
0.757758 10.6544
-0.345345 4.58001
-0.219219 2.21597
0.735736 7.28255
0.389389 3.21234
0.455455 2.96735
0.437437 1.97124
0.157157 4.15297
-0.297297 1.31323
-0.169169 -1.94437
-0.571572 -1.41634
-0.865866 -2.57542
0.169169 2.97383
-0.98999 -1.41377
-0.575576 1.25137
0.119119 1.58088
0.987988 14.3866
0.451451 1.25237
0.353353 2.17372
0.941942 12.3497
0.831832 10.187
0.511512 5.03952
-0.863864 -2.63801
0.281281 0.471921
-0.371371 1.85619
0.351351 5.33722
-0.87988 -2.23627
-0.171171 -1.29788
-0.887888 -3.44276
0.025025 -1.86754
0.705706 10.0276
0.691692 11.633
-0.449449 0.30093
0.417417 1.82227
0.247247 1.18051
0.893894 13.7825
0.87988 14.6021
-0.797798 -3.04192
0.0750751 3.33027
0.56957 6.31217
-0.017017 1.80803
-0.721722 -0.145549
-0.985986 -6.33768
0.185185 2.0415
0.91992 12.4789
-0.671672 -0.0342371
-0.023023 -1.13487
-0.037037 1.04761
-0.237237 -1.49964
-0.469469 0.744426
0.209209 2.58034
-0.783784 -4.95244
0.875876 13.9809
0.737738 9.79675
0.377377 2.61404
-0.811812 -2.60633
0.947948 15.7687
-0.307307 0.687999
-0.157157 1.72092
0.557558 3.08227
-0.991992 -3.12421
0.329329 2.30671
0.159159 2.25684
0.553554 6.97152
0.127127 2.02236
-0.453453 4.78658
0.393393 2.28107
-0.261261 -0.23676
-0.141141 -1.99479
0.251251 1.46267
0.383383 0.651976
0.93994 15.8284
-0.90991 -4.42848
0.607608 4.53495
0.431431 1.14079
-0.013013 5.02879
0.175175 2.17854
-0.403403 -0.338282
0.177177 1.87746
0.443443 3.74045
-0.911912 -7.0251
-0.125125 -1.69163
-0.223223 -3.27133
-0.61962 0.233347
-0.441441 -0.533712
0.001001 0.656325
-0.663664 -1.93633
-0.733734 -0.586394
-0.455455 0.878737
-0.247247 2.95337
-0.605606 -1.61109
-0.573574 1.6175
-0.159159 1.03708
-0.323323 0.621059
0.0690691 1.30581
-0.705706 -3.67445
-0.593594 -0.940974
-0.215215 -1.98632
0.595596 3.18503
-0.625626 1.40552
-0.81982 -3.93253
0.96997 15.3762
0.031031 3.00696
0.94995 14.7261
-0.0610611 2.48607
-0.993994 -4.3471
0.131131 2.10202
-0.437437 1.62917
-0.885886 -3.67737
0.857858 11.0886
-0.56957 0.450037
-0.043043 2.68782
0.567568 4.57612
0.123123 3.74501
0.337337 1.82532
0.517518 4.51366
0.497497 3.53125
0.661662 8.83297
0.525526 3.79059
0.751752 10.8178
-0.581582 2.57564
-0.0870871 1.22797
-0.373373 0.183857
-0.83984 -3.37547
0.033033 1.59924
-0.757758 -3.57708
-0.407407 0.367391
1 14.6018
-0.0890891 0.462552
0.513514 5.13983
0.101101 0.653417
0.331331 3.77148
0.291291 2.64317
0.0790791 0.867637
-0.145145 -2.38058
-0.187187 0.0596015
0.565566 5.36139
0.543544 5.3716
0.381381 3.52959
-0.693694 0.415454
0.863864 11.582
0.70971 8.46623
-0.293293 1.729
-0.64965 -0.115865
0.039039 0.189299
-0.489489 1.43191
0.573574 3.42659
-0.781782 -1.29553
-0.76977 -4.3197
0.98999 17.3726
0.733734 10.3857
-0.423423 2.24957
-0.173173 1.77586
-0.607608 1.96
0.271271 2.1442
-0.0650651 1.07306
-0.903904 -4.2646
-0.641642 -2.84401
-0.317317 1.01562
0.425425 4.10663
0.0510511 2.28667
0.547548 7.05489
-0.245245 0.61082
-0.045045 0.595924
0.109109 1.17666
0.631632 6.44078
0.801802 10.9999
0.57958 4.49297
-0.283283 0.321517
0.493493 3.52187
0.149149 4.85033
-0.661662 1.12369
-0.137137 -1.78461
0.449449 3.58236
0.717718 9.86514
-0.281281 0.998232
-0.817818 -3.89623
0.321321 5.52906
-0.033033 0.84741
0.139139 2.08689
-0.897898 -2.52917
0.85986 10.8811
-0.867868 -2.5118
0.0590591 0.948127
0.843844 9.45164
-0.777778 -0.040183
0.371371 0.434983
-0.497497 3.78709
0.977978 15.5798
-0.427427 3.44507
-0.133133 -2.27866
0.191191 -0.0559371
0.657658 8.12611
-0.58959 0.222281
0.013013 2.90016
0.503504 2.81374
0.823824 11.3731
-0.415415 -0.287918
0.423423 3.24185
0.021021 1.798
0.5996 6.09846
-0.269269 1.09622
-0.595596 -1.57791
0.241241 2.94434
0.65966 7.43816
0.533534 3.21496
0.76977 10.9018
0.593594 1.11167
-0.411411 5.59138
0.489489 3.65843
-0.351351 1.66776
0.961962 14.0516
-0.495495 1.9485
0.407407 0.980326
-0.585586 -1.54687
-0.233233 -2.53521
0.847848 12.7651
-0.459459 4.26134
0.457457 2.27943
0.891892 13.2972
-0.5996 1.13937
0.205205 1.56184
-0.507508 1.87409
-0.175175 -0.915308
-0.135135 -2.621
0.71972 6.31744
0.78979 8.45996
-0.567568 -1.80036
-0.389389 1.19678
0.003003 0.893048
-0.653654 1.71247
-0.375375 0.3138
0.323323 4.09974
0.791792 12.3208
